
ans =

   1.0e+07 *

         0    1.9000    7.1400    9.1800    2.2400    3.7400
         0         0    3.4200    6.1600    2.8000    4.4800
         0         0         0    1.4300    3.8000    3.7800
         0         0         0         0    3.8500    2.7300
         0         0         0         0         0    1.2100
         0         0         0         0         0         0

