%  EZG04 Ring 1 December 2004 ERT data (WEN32_1 set)
%  No    Time      A      B      M      N    mA       Volts            Ohm  Erreur (%)   t-on (ms)     t0 (ms)     t1 (ms) Charge (ms) Erreur (ms)
    Data_Ring1_Dec2004_Wen32_1= [ ...
     1     223    101    104    102    103   100    0.260163       2.601630     0.027111     1.000000     0.010000     0.020000    -0.036481     0.017960     0.040000    -0.059689     0.023688     0.080000    -0.129391     0.010257
     2     237    101    107    103    105   100    0.206922       2.069220     0.030678     1.000000     0.010000     0.020000     0.125061     0.008750     0.040000     0.318927     0.041711     0.080000     0.345649     0.022968
     3     250    101    110    104    107   100    0.076148       0.761480     0.009263     1.000000     0.010000     0.020000     0.149332     0.301961     0.040000     0.429657     0.140792     0.080000     0.892062     0.513148
     4     262    101    113    105    109   100    0.046715       0.467150     0.020358     1.000000     0.010000     0.020000     0.099731     0.051758     0.040000     0.091820     0.067054     0.080000     0.190125     0.007556
     5     275    101    116    106    111   100    0.046749       0.467490     0.007544     1.000000     0.010000     0.020000    -0.122686     0.143330     0.040000     0.181362     0.316835     0.080000     0.149357     0.120699
     6     288    102    105    103    104   100    0.237423       2.374230     0.040105     1.000000     0.010000     0.020000     0.057011     0.007493     0.040000     0.092841     0.005585     0.080000     0.126226     0.013010
     7     301    102    108    104    106   100    0.124476       1.244760     0.062330     1.000000     0.010000     0.020000     0.075327     0.012466     0.040000     0.170687     0.053264     0.080000     0.261239     0.063463
     8     313    102    111    105    108   100    0.064756       0.647560     0.141596     1.000000     0.010000     0.020000     0.346580     0.108920     0.040000     0.423598     0.163380     0.080000     1.116759     0.272299
     9     326    102    114    106    110   100    0.053260       0.532600     0.132429     1.000000     0.010000     0.020000     0.033711     0.045026     0.040000     0.254705     0.090052     0.080000     0.181665     0.113889
    10     339    102    117    107    112   100    0.045565       0.455650     0.061918     1.000000     0.010000     0.020000     0.302102     0.018575     0.040000     0.221103     0.114549     0.080000     0.278021     0.312687
    11     352    103    106    104    105   100    0.420610       4.206100     0.037730     1.000000     0.010000     0.020000     0.197916     0.020149     0.040000     0.302494     0.010149     0.080000     0.460370     0.056151
    12     365    103    109    105    107   100    0.111519       1.115190     0.018055     1.000000     0.010000     0.020000    -0.022068     0.008835     0.040000     0.017798     0.000768     0.080000     0.006802     0.003841
    13     378    103    112    106    109   100    0.067935       0.679350     0.104428     1.000000     0.010000     0.020000     0.265724     0.108969     0.040000     0.513612     0.195235     0.080000     0.981741     0.457315
    14     390    103    115    107    111   100    0.068228       0.682280     0.021474     1.000000     0.010000     0.020000     0.110730     0.000779     0.040000     0.169958     0.000954     0.080000     0.248455     0.000653
    15     403    103    118    108    113   100    0.043963       0.439630     0.008380     1.000000     0.010000     0.020000     0.092028     0.011343     0.040000     0.134446     0.018787     0.080000     0.234439     0.070706
    16     417    104    107    105    106   100    0.298174       2.981740     0.088705     1.000000     0.010000     0.020000     0.054436     0.013644     0.040000     0.068032     0.026425     0.080000     0.084252     0.049114
    17     430    104    110    106    108   100    0.170597       1.705970     0.055815     1.000000     0.010000     0.020000     0.092924     0.004939     0.040000     0.134708     0.008874     0.080000     0.192707     0.023774
    18     443    104    113    107    110   100    0.097992       0.979920     0.136401     1.000000     0.010000     0.020000     0.247505     0.042214     0.040000     0.427000     0.107162     0.080000     0.818141     0.256293
    19     456    104    116    108    112   100    0.077257       0.772570     0.030609     1.000000     0.010000     0.020000     0.095391     0.003549     0.040000     0.161766     0.020628     0.080000     0.218448     0.019075
    20     469    104    119    109    114   100    0.047086       0.470860     0.040943     1.000000     0.010000     0.020000     0.081397     0.022528     0.040000     0.144780     0.002256     0.080000     0.164749     0.037340
    21     482    105    108    106    107   100    0.412500       4.125000     0.033343     1.000000     0.010000     0.020000     0.098687     0.006608     0.040000     0.158306     0.013631     0.080000     0.248610     0.028716
    22     496    105    111    107    109   100    0.193506       1.935060     0.000000     1.000000     0.010000     0.020000     0.197650     0.001700     0.040000     0.291041     0.003241     0.080000     0.437121     0.000159
    23     509    105    114    108    111   100    0.124782       1.247820     0.019913     1.000000     0.010000     0.020000     0.244046     0.041693     0.040000     0.408465     0.098492     0.080000     0.764978     0.218269
    24     522    105    117    109    113   100    0.082717       0.827170     0.031592     1.000000     0.010000     0.020000     0.178172     0.004951     0.040000     0.242816     0.003563     0.080000     0.363316     0.002196
    25     534    105    120    110    115   100    0.049284       0.492840     0.019471     1.000000     0.010000     0.020000     0.134389     0.026982     0.040000     0.223293     0.038178     0.080000     0.319966     0.022740
    26     548    106    109    107    108   100    0.475277       4.752770     0.037843     1.000000     0.010000     0.020000     0.157129     0.008448     0.040000     0.220819     0.015634     0.080000     0.314548     0.033251
    27     562    106    112    108    110   100    0.154108       1.541080     0.043480     1.000000     0.010000     0.020000     0.086893     0.000952     0.040000     0.130935     0.002460     0.080000     0.195430     0.004365
    28     575    106    115    109    112   100    0.136829       1.368290     0.582490     1.000000     0.010000     0.020000     0.139436     0.046495     0.040000     0.234594     0.085477     0.080000     0.409412     0.155298
    29     588    106    118    110    114   100    0.072507       0.725070     0.012289     1.000000     0.010000     0.020000     0.107355     0.013424     0.040000     0.131987     0.014511     0.080000     0.217183     0.013518
    30     600    106    121    111    116   100    0.043706       0.437060     0.023917     1.000000     0.010000     0.020000     0.123981     0.019447     0.040000     0.145384     0.035600     0.080000     0.257500     0.012390
    31     614    107    110    108    109   100    0.330926       3.309260     0.039430     1.000000     0.010000     0.020000     0.074936     0.003762     0.040000     0.104469     0.009595     0.080000     0.152002     0.017378
    32     628    107    113    109    111   100    0.192509       1.925090     0.007328     1.000000     0.010000     0.020000     0.082097     0.000207     0.040000     0.128631     0.001812     0.080000     0.168197     0.002289
    33     640    107    116    110    113   100    0.104369       1.043690     0.173955     1.000000     0.010000     0.020000     0.229257     0.094850     0.040000     0.403949     0.171640     0.080000     0.800352     0.409776
