%  EZG04 Ring 1 July 2004 ERT data (WEN32_1 set)
%  No    Time      A      B      M      N    mA       Volts            Ohm  Erreur (%)   t-on (ms)     t0 (ms)     t1 (ms) Charge (ms) Erreur (ms)
    Data_Ring1_July2004_Wen32_1= [ ...
     1     114    101    104    102    103   100    0.247485       2.474850     0.011400     1.000000     0.010000     0.100000     0.074653     0.014615
     2     131    101    107    103    105   100    0.183609       1.836090     0.009604     1.000000     0.010000     0.100000     0.373338     0.015603
     3     147    101    110    104    107   100    0.060572       0.605720     1.420618     1.000000     0.010000     0.100000     1.044922     0.654788
     4     162    101    113    105    109   100    0.037848       0.378480     0.148051     1.000000     0.010000     0.100000     0.453007     0.059311
     5     178    101    116    106    111   100    0.035915       0.359150     0.123098     1.000000     0.010000     0.100000     0.276650     0.174151
     6     195    102    105    103    104   100    0.213147       2.131470     0.082728     1.000000     0.010000     0.100000    -0.114579     0.044102
     7     212    102    108    104    106   100    0.096736       0.967360     0.102654     1.000000     0.010000     0.100000     0.262730     0.043843
     8     230    102    111    105    108   100    0.055063       0.550630     0.057642     1.000000     0.010000     0.100000     1.334926     0.051734
     9     245    102    114    106    110   100    0.043084       0.430840     0.069802     1.000000     0.010000     0.100000     0.567120     0.088098
    10     267    102    117    107    112   100    0.035261       0.352610     0.100015     1.000000     0.010000     0.100000     0.438472     0.080012
    11     284    103    106    104    105   100    0.347295       3.472950     0.029448     1.000000     0.010000     0.100000     0.466758     0.054480
    12     300    103    109    105    107   100    0.097525       0.975250     0.078190     1.000000     0.010000     0.100000     0.321669     0.055524
    13     315    103    112    106    109   100    0.064991       0.649910     0.325581     1.000000     0.010000     0.100000     1.435040     0.759688
    14     331    103    115    107    111   100    0.059539       0.595390     0.011081     1.000000     0.010000     0.100000     0.420562     0.007627
    15     344    103    118    108    113   200    0.074068       0.370340     0.079702     1.000000     0.010000     0.100000     0.369310     0.056798
    16     363    104    107    105    106   100    0.283352       2.833520     0.033604     1.000000     0.010000     0.100000     0.121432     0.026391
    17     379    104    110    106    108   100    0.155556       1.555560     0.086255     1.000000     0.010000     0.100000     0.331755     0.018837
    18     397    104    113    107    110   100    0.093416       0.934160     0.577600     1.000000     0.010000     0.100000     0.381730     0.539848
    19     410    104    116    108    112   200    0.137206       0.686030     0.038555     1.000000     0.010000     0.100000     0.303520     0.095102
    20     428    104    119    109    114   100    0.040662       0.406620     0.106411     1.000000     0.010000     0.100000     0.189973     0.100933
    21     451    105    108    106    107   100    0.360305       3.603050     0.033279     1.000000     0.010000     0.100000     0.403771     0.019869
    22     470    105    111    107    109   100    0.186082       1.860820     0.039799     1.000000     0.010000     0.100000     0.637481     0.051137
    23     490    105    114    108    111   100    0.110508       1.105080     0.252111     1.000000     0.010000     0.100000     0.793821     0.144029
    24     508    105    117    109    113   100    0.068955       0.689550     0.074677     1.000000     0.010000     0.100000     0.430258     0.074429
    25     524    105    120    110    115   100    0.042826       0.428260     0.119440     1.000000     0.010000     0.100000     0.361736     0.026609
    26     541    106    109    107    108   100    0.453502       4.535020     0.013220     1.000000     0.010000     0.100000     0.541986     0.045749
    27     558    106    112    108    110   100    0.133670       1.336700     0.073136     1.000000     0.010000     0.100000     0.369619     0.040702
    28     573    106    115    109    112   100    0.118413       1.184130     0.139977     1.000000     0.010000     0.100000     0.895020     0.199542
    29     591    106    118    110    114   100    0.061324       0.613240     0.006008     1.000000     0.010000     0.100000     0.370778     0.007126
    30     609    106    121    111    116   100    0.038225       0.382250     0.083607     1.000000     0.010000     0.100000     0.440776     0.073744
    31     626    107    110    108    109   100    0.375566       3.755660     0.063853     1.000000     0.010000     0.100000     0.128701     0.011981
    32     645    107    113    109    111   100    0.160607       1.606070     0.077088     1.000000     0.010000     0.100000     0.362401     0.031955
    33     658    107    116    110    113   200    0.185427       0.927135     0.270070     1.000000     0.010000     0.100000     1.167326     0.296696
    34     676    107    119    111    115   100    0.042668       0.426680     0.014257     1.000000     0.010000     0.100000     0.374432     0.027912
    35     695    107    122    112    117    50    0.020362       0.407240     0.363979     1.000000     0.010000     0.100000    -0.374008     0.266357
    36     715    108    111    109    110   100    0.338497       3.384970     0.019795     1.000000     0.010000     0.100000     0.402580     0.041193
    37     735    108    114    110    112   100    0.183519       1.835190     0.005765     1.000000     0.010000     0.100000     0.538953     0.024231
    38     753    108    117    111    114   100    0.072419       0.724190     0.612141     1.000000     0.010000     0.100000     0.517009     0.466382
    39     769    108    120    112    116   100    0.045223       0.452230     0.055891     1.000000     0.010000     0.100000     0.233240     0.091509
    40     787    108    123    113    118   100    0.044660       0.446600     0.091130     1.000000     0.010000     0.100000     0.562852     0.074630
    41     804    109    112    110    111   100    0.436245       4.362450     0.021827     1.000000     0.010000     0.100000     0.456504     0.022174
    42     821    109    115    111    113   100    0.142064       1.420640     0.017377     1.000000     0.010000     0.100000     0.299954     0.029106
    43     839    109    118    112    115   100    0.062833       0.628330     0.547353     1.000000     0.010000     0.100000     0.420399     0.391083
    44     854    109    121    113    117   100    0.057882       0.578820     0.046628     1.000000     0.010000     0.100000     0.592327     0.019687
    45     872    109    124    114    119   100    0.056891       0.568910     0.095182     1.000000     0.010000     0.100000     0.558666     0.046989
    46     892    110    113    111    112   100    0.308523       3.085230     0.042293     1.000000     0.010000     0.100000     0.268900     0.017746
    47     911    110    116    112    114   100    0.115373       1.153730     0.012625     1.000000     0.010000     0.100000     0.298901     0.018566
    48     929    110    119    113    116   100    0.067554       0.675540     0.167054     1.000000     0.010000     0.100000     1.142384     0.004988
    49     948    110    122    114    118    50    0.029932       0.598640     0.419356     1.000000     0.010000     0.100000     0.178322     0.117649
    50     966    110    125    115    120   100    0.059223       0.592230     0.058737     1.000000     0.010000     0.100000     0.520092     0.084779
