
ans =

   1.0e+08 *

         0    0.7000    0.7650    1.0710    0.2420    0.4200
         0         0    1.0120    0.7040    0.4400    0.2420
         0         0         0    0.1760    0.3960    0.4900
         0         0         0         0    0.4900    0.4060
         0         0         0         0         0    0.1760
         0         0         0         0         0         0

